Namespace(anneal_rate=0.8, batch_size=32, beta=1.0, clip_norm=50.0, depthG=3, depthT=6, epoch=3, hidden_size=330, load_epoch=-1, lr=0.001, rand_size=8, save_dir='newmodels/logp04', share_embedding=False, train='../data/logp04/processed/', use_molatt=False, vocab='../data/logp04/vocab.txt')
Model #Params: 3998.087
../data/logp04/processed/tensors-0.pkl
KL: 0.009530091157648713, Word: 19.241228587925434, Topo: 73.65412935614586, Assm: 57.258972379962835, PNorm: 98.02934142892316, GNorm: 42.81360706695334
KL: 0.010343578644096851, Word: 28.401631489396095, Topo: 86.26720905303955, Assm: 62.1552548730139, PNorm: 98.86483719041617, GNorm: 49.99999796091651
